48 130
0 2
2 0
1 2
2 1
1 6
6 1
2 3
3 2
2 4
4 2
2 39
39 2
2 46
46 2
4 33
33 4
4 5
5 4
4 7
7 4
5 8
8 5
6 7
7 6
8 9
9 8
8 27
27 8
8 33
33 8
10 19
19 10
11 25
25 11
11 21
21 11
12 40
40 12
12 28
28 12
12 14
14 12
13 29
29 13
13 14
14 13
14 16
16 14
14 15
15 14
15 16
16 15
15 16
16 15
16 17
17 16
16 23
23 16
16 21
21 16
17 18
18 17
18 19
19 18
20 21
21 20
20 22
22 20
20 23
23 20
21 25
25 21
22 24
24 22
22 25
25 22
24 25
25 24
26 27
27 26
27 33
33 27
27 38
38 27
27 39
39 27
28 29
29 28
29 34
34 29
29 43
43 29
30 32
32 30
30 33
33 30
30 31
31 30
31 33
33 31
31 35
35 31
31 36
36 31
31 37
37 31
34 42
42 34
34 45
45 34
35 40
40 35
35 36
36 35
36 37
37 36
38 47
47 38
40 41
41 40
41 42
42 41
43 44
44 43
44 45
45 44
45 46
46 45
45 47
47 45
