197 490
0 176
176 0
0 9
9 0
1 8
8 1
1 176
176 1
1 114
114 1
1 116
116 1
1 175
175 1
2 76
76 2
2 77
77 2
3 4
4 3
3 77
77 3
4 6
6 4
4 135
135 4
5 131
131 5
5 6
6 5
6 7
7 6
7 8
8 7
7 174
174 7
8 194
194 8
8 191
191 8
8 9
9 8
10 11
11 10
10 13
13 10
11 16
16 11
12 32
32 12
12 13
13 12
12 30
30 12
13 16
16 13
13 15
15 13
14 64
64 14
14 129
129 14
14 15
15 14
16 17
17 16
18 19
19 18
18 30
30 18
19 89
89 19
19 68
68 19
19 82
82 19
20 21
21 20
20 23
23 20
21 26
26 21
22 188
188 22
22 23
23 22
24 27
27 24
25 171
171 25
25 55
55 25
26 27
27 26
26 28
28 26
26 29
29 26
28 51
51 28
28 54
54 28
29 78
78 29
30 35
35 30
31 37
37 31
32 33
33 32
32 37
37 32
34 37
37 34
35 37
37 35
36 38
38 36
36 39
39 36
37 160
160 37
37 38
38 37
38 196
196 38
39 181
181 39
40 41
41 40
40 42
42 40
41 43
43 41
41 189
189 41
42 43
43 42
42 143
143 42
42 143
143 42
44 45
45 44
44 47
47 44
45 48
48 45
45 164
164 45
46 49
49 46
46 47
47 46
48 155
155 48
48 181
181 48
49 177
177 49
49 147
147 49
49 165
165 49
50 57
57 50
50 51
51 50
51 188
188 51
52 53
53 52
52 55
55 52
53 58
58 53
54 55
55 54
56 57
57 56
56 59
59 56
58 59
59 58
60 61
61 60
60 69
69 60
61 128
128 61
61 122
122 61
62 144
144 62
62 86
86 62
62 63
63 62
63 68
68 63
63 149
149 63
64 65
65 64
64 67
67 64
64 68
68 64
65 66
66 65
66 67
67 66
67 69
69 67
69 144
144 69
70 183
183 70
70 79
79 70
71 72
72 71
71 79
79 71
72 73
73 72
73 74
74 73
74 183
183 74
75 173
173 75
75 183
183 75
76 173
173 76
77 152
152 77
77 162
162 77
77 133
133 77
78 94
94 78
78 79
79 78
80 81
81 80
80 81
81 80
80 86
86 80
80 87
87 80
82 88
88 82
82 83
83 82
82 150
150 82
83 148
148 83
84 148
148 84
84 85
85 84
86 87
87 86
87 88
88 87
89 150
150 89
90 172
172 90
91 99
99 91
91 92
92 91
92 96
96 92
92 93
93 92
92 183
183 92
94 171
171 94
95 96
96 95
95 171
171 95
96 97
97 96
97 172
172 97
98 194
194 98
98 131
131 98
99 100
100 99
100 132
132 100
101 104
104 101
101 180
180 101
101 102
102 101
102 109
109 102
103 104
104 103
103 106
106 103
105 106
106 105
105 107
107 105
105 179
179 105
107 108
108 107
107 129
129 107
108 179
179 108
109 110
110 109
110 128
128 110
111 112
112 111
111 140
140 111
112 137
137 112
113 114
114 113
113 191
191 113
115 116
116 115
115 118
118 115
117 120
120 117
117 118
118 117
119 176
176 119
119 175
175 119
120 175
175 120
121 122
122 121
121 124
124 121
123 124
124 123
123 125
125 123
123 126
126 123
127 128
128 127
127 130
130 127
129 130
130 129
131 142
142 131
132 135
135 132
133 173
173 133
134 137
137 134
134 138
138 134
134 135
135 134
136 139
139 136
137 172
172 137
138 174
174 138
138 141
141 138
139 174
174 139
140 141
141 140
142 143
143 142
143 185
185 143
144 149
149 144
145 157
157 145
146 152
152 146
146 154
154 146
147 166
166 147
147 177
177 147
148 154
154 148
149 150
150 149
151 152
152 151
152 153
153 152
153 160
160 153
153 154
154 153
154 183
183 154
154 159
159 154
155 195
195 155
155 156
156 155
155 165
165 155
156 157
157 156
157 158
158 157
158 165
165 158
158 196
196 158
158 183
183 158
161 162
162 161
162 163
163 162
162 167
167 162
163 187
187 163
163 164
164 163
165 177
177 165
165 181
181 165
165 184
184 165
165 186
186 165
166 170
170 166
166 183
183 166
167 168
168 167
168 169
169 168
169 185
185 169
178 179
179 178
181 196
196 181
182 189
189 182
183 184
184 183
183 186
186 183
186 187
187 186
190 191
191 190
192 193
193 192
193 194
194 193
195 196
196 195
